[170, 325, 173, 256, 285, 289, 245, 248, 250, 251, 254, 255, 258, 259]
[279, 282, 157, 211, 283, 288, 290, 291, 294, 295]
[323, 324, 327, 334, 335, 336, 337, 338]
[109, 115, 317, 284, 155, 214, 228, 332, 138, 210, 196, 203, 266, 149, 220, 59, 68, 72, 85, 161, 90, 137, 153, 95, 122]
[183, 146, 235, 151, 333, 167, 175, 168, 318, 231, 185, 206, 297, 189, 273, 224, 320, 194, 207, 202, 316]
[304, 322, 306, 311, 307, 308, 105, 118, 159, 106, 265, 193, 125, 216, 343, 249, 154, 244, 156, 345, 329, 200, 212, 112, 162, 257, 313, 276, 141, 229, 0, 1, 2, 3]
[20, 21, 22, 23, 24, 25, 26, 27, 28, 29, 30, 31, 32, 33, 34, 35]
[52, 53, 54, 55, 56, 57, 58, 60, 61, 62, 63, 64, 65, 66, 67, 69]
[91, 92, 93, 94, 133, 96, 97, 98, 99, 100, 102, 107, 110, 111, 113, 116, 119]
[160, 163, 164, 165, 303, 158, 205, 236, 237, 166, 169, 171, 174, 178, 179, 180, 181, 191, 192, 195, 198]
[176, 286, 186, 177, 263, 240, 243, 260, 261, 267, 270, 272, 274, 246, 321, 275, 278]
[339, 340, 344, 346, 145, 326, 190, 268, 82, 128, 101, 201]
[219, 347, 222, 341, 241, 330, 342, 242, 315, 292, 247, 269, 328, 271, 302, 277, 287, 280, 293]
[36, 37, 38, 39, 40, 41, 42, 43, 44, 45, 46, 47, 48, 49, 50, 51]
[120, 121, 123, 127, 130, 131, 132, 134, 135, 139, 140, 142, 143, 147, 150, 152]
[296, 299, 124, 104, 227, 300, 305, 309, 312, 314, 319]
[4, 5, 6, 7, 8, 9, 10, 11, 12, 13, 14, 15, 16, 17, 18, 19]
[199, 208, 209, 215, 217, 221, 218, 223, 301, 225, 226, 230, 233, 252, 253, 262, 310, 182, 184, 187, 188, 232, 234, 238, 239]
[103, 281, 108, 148, 114, 264, 117, 298, 126, 213, 129, 204, 136, 197, 331, 144, 172]
[70, 71, 78, 73, 74, 75, 76, 77, 79, 80, 81, 83, 84, 86, 87, 88, 89]
