[33]
[316]
[352]
[373]
[444]
[587]
[665]
[693]
[758]
[846]
[873]
[915]
[924]
[927]
[1022]
[1106]
[1141]
[1190]
[1319]
[1374]
[1434]
[1520]
[1634]
[1758]
[1799]
[1832]
[1867]
[1963]
[2012]
[2094]
[2242]
[2272]
[2289]
[2325]
[2403]
[2455]
[2566]
[2674]
[2852]
[2891]
[2962]
[3014]
[3045]
[3224]
[3302]
[3328]
[3405]
[3486]
[3672]
[3710]
[3765]
[3804]
[3910]
[3971]
[2723, 3992]
[1071, 2093, 2188]
[2135, 3579]
[752, 208, 1848]
[2759, 1529, 1816]
[0, 1821, 2243, 2573, 3831]
[1498, 2205, 2478]
[1817, 2616]
[1622, 2363, 94, 2367, 2014, 3669, 812, 3379, 686, 3193, 1349, 3422, 526, 2921, 3096, 39, 2901, 1819, 2253, 2330, 3787, 396, 265, 1183, 1086, 3450, 818, 3066, 842, 2862, 3543, 1666, 1834, 554, 1261, 334, 2008, 2750, 3417, 3738, 1256, 3067, 149, 3974, 3133, 2987, 3789, 1284, 503, 941, 1014, 896, 19, 1737, 3082, 2251, 2344, 2917, 3443, 1373, 1747, 3754, 2208, 2386, 3184, 1536, 2399, 274, 3418, 315, 2637, 307, 1002, 2411, 737, 2077, 2969, 1234, 2956, 929, 197, 2075, 3850, 1533, 1858, 106, 2567, 560, 3005, 624, 166, 1636, 496, 2090, 627, 1189, 216, 3123, 206, 3307, 3199, 47, 616, 7, 3374, 2136, 1252, 268, 1020, 3244, 2807, 2376, 278, 1506, 163, 3905, 1408, 2539, 109, 3432, 1091, 727, 3734, 760, 3094, 714, 3496, 1635, 3510, 815, 3344, 195, 1477, 3591, 1944, 1120, 563, 1922, 1453, 3851, 3519, 2293, 3540, 3198, 3284, 3226, 339, 1235, 3629, 3684, 751, 2742, 3972, 3362, 420, 1289, 3352, 636, 1991, 233, 2312, 571, 1131, 408, 1652, 3873, 706, 1115, 2227, 2303, 1686, 3239, 2953, 2771, 3102, 468, 3153, 1568, 2329, 2429, 3562, 1901, 2171, 3168, 2428, 2451, 1684, 1893, 3978, 2375, 1274, 1815, 1395, 3354, 3477, 3795, 1854, 573, 3569, 1875, 2372, 2949, 3523, 115, 289, 2287, 2326, 968, 1740, 1100, 1599, 3278, 3564, 226, 3933, 964, 2053, 2255, 1233, 3985, 1719, 1932, 510, 1201, 2207, 2591, 2484, 3317, 1847, 801, 1078, 1580, 3121, 802, 1168, 2661, 625, 162, 2766, 561, 2897, 520, 2384, 283, 375, 1122, 467, 538, 963, 187, 2772, 1150, 2546, 2584, 1629, 2125, 27, 1950, 3980, 1805, 1320, 1786, 2847, 454, 463, 544, 2464, 2651, 293, 1842, 3518, 11, 2473, 852, 2480, 2402, 258, 3017, 1057, 123, 1038, 634, 3995, 3847, 1955, 3736, 1756, 3708, 1911, 2783]
[487, 3620]
[346, 1642, 2294, 2671]
[1277, 182, 3590, 2112, 1326, 3085, 515, 580, 2794, 932, 3386, 3739, 1833, 70, 1616, 895, 3906, 2310, 1161, 2620, 2755, 2874, 303, 2744, 2009, 2732, 2269, 2832, 60, 3604, 3559, 177, 3876, 559, 2691, 254, 3525, 439, 1676, 1928, 180, 513, 3091, 3339, 1637, 2436, 2514, 953, 1843, 2625, 682, 1648, 2333, 2058, 2170, 202, 14, 185, 2844]
[3799, 1606, 2270, 3148, 3584, 3435, 228, 1294, 1958, 2311, 2813, 848, 1251, 2918, 3575, 1694, 1761, 3137, 1534, 3164, 3333, 1074, 3455, 135, 1451, 3343, 2718, 2116, 1084, 1583, 500, 3356, 1501, 3223, 1742, 2354, 1406, 3242, 865, 1491, 3092, 3414, 3608, 462, 3843, 2717, 2659, 1462, 1386, 1826, 41, 1232, 3241]
[1059, 2512, 2684, 89, 2657]
[1444, 2011, 1016, 3550]
[3780, 1069, 3311]
[35, 288]
[3037, 3509, 2748, 3476]
[3029, 3751]
[3474, 2445, 3914, 2424, 2605]
[1456, 2665]
[3431, 1562, 2815, 3118, 2086, 2378]
[1093, 3211]
[1389, 1360, 2404, 2825, 1179, 955, 2515]
[1323, 1409, 3793, 2232, 2194, 3817, 436, 488, 1211, 3359, 220, 449, 585, 2531, 3093, 3406, 3571, 3439, 3798, 2166, 2548, 615, 886, 847, 1026, 864, 2865, 2601, 2074, 2831, 1460, 1550, 3325, 770, 3295, 2940, 3667, 366, 3225, 1325, 1750, 1217, 3986, 3218, 3290]
[2595, 1212, 1927]
[2466, 3355]
[694, 960, 2348, 2513]
[2821, 3078, 2477, 2802]
[504, 3515, 22, 569, 914, 2990, 3383, 1639, 3542, 3623, 3108, 3840, 2167, 1983, 1890, 2497, 734, 1660, 397, 465, 2885, 1076, 186, 691, 3996, 2619, 761, 345, 3786, 1182, 982, 2553, 1841, 1767, 2463, 3396, 1162, 3363, 1273, 1930, 1236, 1657, 2266, 3001, 2459, 3387, 3714, 1013, 2500, 613, 3071, 2611, 433, 3893, 3632, 3612, 3105, 427, 2267, 104, 3234, 172, 2955, 3376, 552, 379, 2746, 3188, 2782, 1531, 3663, 858, 1083, 983, 621, 2051, 179, 2229, 3558, 3904, 946, 3694, 1904, 1302, 2614, 3341, 1860, 267, 553, 2632, 83, 3599, 2345, 175, 1249, 521, 1664, 3206, 789, 381, 2627, 785, 1129, 907, 1810, 55, 1262, 2152, 2929, 1812, 1116, 1519, 2554, 3803, 1065, 2415, 912, 845, 3818, 923, 3371, 578, 1961, 833, 3865, 3487, 1545, 2701, 3631, 595, 663, 1216, 124, 249, 631, 1394, 2589, 1303, 1309, 198, 534, 2179, 984, 2827, 3879, 667, 1369, 2059, 2304, 558, 808, 383, 1391, 2104, 1403, 2055, 653, 1626, 3382, 1411, 1440, 1844, 1522, 213, 452, 1716, 2079, 2737, 2533, 282, 2570, 3568, 3404, 2577, 3715, 389, 2191, 3335, 3908, 21, 598, 2702, 1722, 3842, 529, 350, 255, 372, 922, 3423, 2097, 2645, 1788, 400, 3008, 2829, 122, 2049, 3607, 1128, 3964, 675, 1702, 1142, 1061, 2013, 2423, 1727, 1390, 2323, 3271, 2241, 1457, 2495, 3161, 1654, 3707, 3577, 3773, 755, 910, 2282, 522, 3503, 3312, 3384, 1153, 2655, 1515, 2682, 2839, 2004, 2984, 1829, 2319, 1476, 1699, 3531, 2281, 3112, 2877, 2351, 2669, 769, 1619, 2353, 1239, 3265, 3511, 1421, 3461, 20, 1628, 1521, 1528, 243, 2608, 2838, 1632, 2997, 1670, 1836, 837, 2686, 1134, 1512, 2864, 1218, 2244, 885, 1346, 1104, 3228, 457, 3140, 956, 1553, 3142, 3313, 2914, 3553, 1827, 1475, 2248, 264, 911, 2670, 2295, 1825, 1407, 1711, 1640, 2957, 3813, 451, 209, 319, 1931, 3975, 1831, 3338, 2788, 311, 460, 3463, 753, 1450, 839, 3051, 887, 3801, 913, 361, 1600, 3513, 493, 596, 2160, 871, 2663, 1034, 1420, 2697, 988, 2633, 1163, 2985, 3275, 359, 3665, 2019, 991, 1147, 2879, 2758, 3141, 3796, 1937, 1291, 2444, 413, 3959, 96, 382, 1073, 1282, 1908, 2726, 3227, 740, 222, 703, 1877, 3680, 3493, 3730, 1754, 2359, 2458, 2720, 1225, 2213, 2154, 2713, 3124, 3273, 100, 164, 2631, 3774, 1387, 1146, 2100, 3823, 3881, 2952, 2499, 143, 1674, 765, 628, 3763, 2848, 664, 3200, 1814, 1205, 3309, 2896, 2165, 2490, 971, 3858, 3537, 377, 40, 2749, 3201, 3064, 3433, 2122, 3598, 882, 3003, 2986, 3243, 1260, 1087, 1973, 3163, 2103, 3472, 3535, 3892, 937, 1370, 674, 1984, 3685, 683, 1188, 3368, 236, 2649, 2623, 1324, 3408, 3949, 3013, 745, 3125, 3545, 3849, 2989, 3499, 3189, 2606, 72, 407, 699, 3932, 2709, 2536, 3683, 2667, 1797, 3600, 2111, 257, 1513, 2509, 2392, 2190, 813, 996, 767, 3366, 2387, 679, 1994, 1015, 1671, 1255, 1286, 3221, 959, 1123, 1432, 2965, 3257, 2066, 2798, 323, 514, 422, 2597, 3664, 2200, 2476, 13, 3627, 1899, 3044, 3155, 2880, 535, 3074, 3725, 262, 1047, 411, 3255, 3331, 2052, 1813, 2756, 2895, 712, 473, 3080, 763, 1661, 2853, 2983, 1644, 3097, 2834, 192, 2407, 1138, 1724, 3318, 2734, 2964, 1143, 1726, 3514, 1577, 3305, 1176, 2081]
[2441, 3022, 1049, 1293, 3409]
[12, 301, 1299, 1526, 2279]
[2731, 2925, 3151, 3378, 3721]
[2817, 3464, 63, 3448, 3706, 1271, 272, 1413, 2576, 2596, 2676, 3209, 2452, 430, 3839, 139, 2502, 2867, 2528, 2805, 3131, 2032, 3504, 28, 700]
[1641, 2485, 2565, 1405, 1697, 717, 1588, 1857, 2426, 3869, 1656, 1173, 3350, 304, 1777, 2653, 1604, 256, 2588, 3526, 3699, 2916, 3614, 2054, 2349, 3247, 385, 2537, 415, 2544, 3077, 121, 843, 601, 3327, 979, 2592, 2660, 3134, 2963, 3862, 3928, 3611, 3752, 1500, 568, 2736, 2910, 142, 1585, 863, 3498, 835, 3473, 29, 1081, 2336, 3593, 3924, 3895, 176, 2569, 1853, 3324, 343, 3852, 3253, 3790, 2532, 1109, 3582, 2978, 776, 1551, 1439, 1966, 3547, 2461, 2465, 651, 1687, 2181, 3292, 1383, 3984, 688, 718, 3656, 1270, 299, 803, 2672, 1707, 908, 1572, 1382, 1706, 2775, 1424, 3049, 3469, 1067, 3956, 3212, 2541, 2767, 2088, 3466, 2698, 1244, 1971, 2612, 1099, 1933, 2366, 778, 3254, 3576, 3853, 1185, 3745, 1700, 606, 783, 49, 1308, 661, 2226, 756, 1910, 1466, 3622, 3621, 2941, 1080, 973, 1876, 3286, 146, 684, 1692, 3533, 1578, 1075, 3375, 82, 215, 3830, 3398, 2046, 3462, 3236, 210, 1311, 2968, 244, 1682, 1940, 3296, 957, 1921, 1272, 2909, 2271, 3434, 1926, 3903, 2284, 158, 1905, 1710, 3761, 296, 3329, 709, 2496, 1079, 1192, 354, 2830, 1721, 2063, 470, 3654, 1186, 2762, 857, 1717, 1743, 259, 3675, 2215, 1748, 2139, 1866, 788, 3348, 1275, 3316, 1269, 3894, 479, 484, 2214, 1555, 593, 3689, 2692, 365, 3756, 1595, 1530, 892, 2159, 2161, 2228, 1511, 133, 1914, 3041, 3401, 3144, 3939, 51, 472, 2274, 2673, 3646, 2462, 2365, 3158, 2600, 2082, 3407, 980, 271, 455, 2113, 862, 1480, 2447, 3458, 3884, 2889, 336, 1537, 1193, 2828, 3807, 1954, 235, 645, 76, 3546, 1735, 1938, 3871, 2881, 3926, 2028, 3931, 861, 1755, 1936, 475, 3336, 15, 3447, 2973, 2994, 660, 2438, 1920, 1448, 3885, 42, 3285, 695, 1693, 972, 2273, 2791, 1331, 2527, 2906, 676, 3737, 536, 2505, 3527, 1882, 3501, 1698, 2283, 2942, 3127, 245, 1, 3878, 1419, 2045, 2183, 448, 1925, 1929, 562, 754, 2259, 2609, 203, 491, 2368, 2308, 2498, 1523, 1610, 3834, 2840, 1489, 1614, 2869, 603, 3086, 3172, 1169, 3006, 750, 1170, 2763, 507, 1096, 2300, 867, 1822, 2522, 1965, 1818, 1976, 540, 2786, 2740, 261, 101, 3217, 2369, 1196, 3058, 3323, 1247, 1650, 3887, 1238, 3468, 3682, 2781, 2808, 1673, 3746, 1145, 2898, 1126, 3353, 3034, 3270, 1951, 3308, 577, 3120, 1923, 1298, 2396, 1159, 899, 3483]
[1461, 3782]
[2845, 2846, 59, 3638, 1741, 2144, 3755, 1998, 3230, 509, 119, 570, 1358, 3268, 3322, 2508, 3674, 2938, 3035, 394, 586]
[3033, 3809, 1986, 2385]
[901, 2442]
[3688, 232, 103, 986, 1000]
[1751, 3962, 476, 3891, 2254, 3500, 3639, 3036, 3702, 1371, 3552, 1399, 2121, 3425, 1900, 880, 2936, 1968, 1230, 3844, 368, 62, 1597, 916, 406, 2893, 1708, 574, 2843, 2876, 3301, 251, 2173, 3768, 1117, 2379, 1880, 827, 2206, 2694, 3945, 1584, 2280, 3720, 2510, 3670, 919, 1455, 2578, 1339, 2704, 73, 3095, 1119, 713, 218, 1764, 508, 1263, 3111, 1304, 3988, 324, 3135, 2770, 141, 2796, 1101, 1892, 780, 3602, 1365, 120, 1011, 879, 342, 2935, 1607, 3973, 2044, 3690, 3427, 1378, 2727, 2240, 1156, 1574, 3276, 1404, 3695, 1621, 2148, 2966, 308, 3727, 2683, 2268, 687, 1148, 3007, 3880, 363, 883, 2688, 333, 384, 816, 219, 1662, 1980, 793, 1778, 349, 2413, 1265, 1488, 45, 3520, 443, 557, 993, 3601, 2979, 358, 777, 708, 3195, 1505, 402, 1982, 3232, 1967, 3237, 3249, 1268, 2551, 707, 1759, 3021, 326, 3698, 1757, 3581, 1643, 2629, 1992, 681, 200, 1624, 3460, 3532, 962, 1471, 48, 1770, 1935, 518, 1962, 3764, 2015, 2610, 3389, 768, 3156, 1328, 3415, 2230, 3918, 2301, 3570, 894, 1598, 747, 1801, 3032, 547, 3941, 506, 3641, 3202, 3377, 2516, 199, 719, 2142, 3428, 810, 3779, 3993, 2954, 1010, 2106, 3605, 1257, 193, 2934, 105, 66, 1720, 77, 1760, 3171, 2572, 3911, 409, 1019, 1766, 1567, 1333, 2517, 1045, 2795, 231, 1077, 3330, 2604, 672, 3819, 838, 3442, 227, 1981, 1044, 1596, 2967, 3778, 376, 419, 3334, 3517, 605, 155, 2328, 1226, 3056, 2373, 1946, 2789, 950, 1793, 2126, 3560, 930, 677, 3165, 152, 2561, 1336, 1344, 1468, 1780, 2972, 3838, 2666, 2410, 1870, 1566, 614, 1154, 3076, 1199, 450, 3735, 118, 1883, 1573, 533, 2574, 1417, 3744, 2991, 1203, 1773, 1053, 2087, 3259, 2006, 2163, 2225, 3113, 151, 804, 2027, 2449, 1879, 52, 398, 2951, 2875, 668, 1194, 3479, 1310, 2557, 2041, 2078, 2703, 2996, 357, 1868, 495, 2001, 3888, 3952, 469, 2202, 3583, 649, 1158, 607, 3138, 3822, 183, 2339, 191, 869, 1285, 2773, 3750, 1865, 3055, 2196, 3412, 828, 1765, 921, 3529, 3987, 3038, 600, 2249, 3976, 3835, 2073, 3845, 1191, 1504, 3753, 637, 2318, 417, 2475, 2582, 1316, 3291, 3536, 940, 2870, 3222, 2538, 3587, 1167, 3732, 782, 2147, 3467, 3828, 327, 1348, 1018, 1062, 1582, 1366, 2145, 2797, 3215, 2939, 3861, 572, 2681, 1164, 1543, 58, 466, 1714, 1507, 3471, 2212, 3062, 1214, 1229, 1207, 2380, 3722, 2981, 1541, 1385, 528, 1790, 2635, 2945, 1679, 952, 724, 2662, 2364, 3915, 1837, 3969, 1306, 1556, 2450, 824, 3592, 2492, 1318, 3912, 2383, 1949, 2335, 1024, 2919, 1535, 3854, 403, 592, 453, 900, 2733, 1281, 3930, 2010, 2127, 655, 739, 728, 2642, 1974, 3497, 263, 2943, 426, 3145, 2790, 1139, 2521, 3220, 1787, 3701, 1497, 174, 292, 3723, 3392, 3043, 3586, 1960, 3811, 2337, 3065, 1258, 3866, 1175, 1064, 2816, 108, 348, 2971, 1335, 3651, 933, 2835, 746, 3365, 1393, 949, 3678, 1685, 775, 2855, 50, 3585, 2430, 1359, 2699, 3775, 1907, 3146, 3677, 3132, 1160, 3551, 2571, 1223, 1987, 2617, 3002, 2306, 113, 542, 1381, 2882, 2309, 2481]
[1051, 795, 1470, 1481, 3235, 2327, 1137, 3733, 1772, 987, 3197, 2080, 2199, 2558, 380, 1350, 391, 702, 1222, 2234, 61, 1587, 779, 3332, 1753, 652, 478, 2560, 3052, 438, 157, 3083, 2833, 2108, 1736, 1791, 173, 2175, 3314]
[3829, 2110, 1823, 2552, 564, 1712, 3090, 2138, 3597, 2405, 2850, 947, 975, 2705, 3173, 85, 2137, 3360, 1445, 2638, 2091, 689, 1969, 3459, 2332, 2837, 1361, 3769, 1296, 196, 2745, 2035, 3248, 3219, 2388, 2590, 918, 1412, 3009, 3693, 2562, 131, 24, 1956, 582, 2518, 3757, 3890, 1563, 3826, 650, 2316, 3934, 3968, 3288, 866, 2907, 132, 3567, 248, 1734, 1187, 3653, 773, 412, 2278, 3370, 1723, 1422, 3251, 80, 1246, 3, 1744, 275, 2169, 2993, 3081, 2118, 2002, 798, 1009, 1878, 825, 2374, 3174, 37, 1731, 2719, 64, 3742, 969, 3429, 1157, 1172, 1454, 2804, 2923, 320, 1380, 5, 2134, 3554, 1885, 819, 2263, 1487, 1941, 853, 3944, 3381, 726, 2658, 1898, 3578, 581, 3507, 57, 639, 781, 3748, 3210, 2520, 3048]
[3760, 1554, 3289]
[2446, 3613, 3104, 2950, 421, 471, 2224, 425, 2646, 3824, 2524, 3521, 884, 3280, 1180, 2307, 2140, 2400, 1964, 3832, 926, 2149, 3016, 2912, 3923, 2826, 965, 490, 3691, 990, 666, 461, 2488, 294, 3388, 618, 2822, 3039, 3901, 3167, 1547, 2780, 1219, 2276, 2792, 2047, 2581, 2937, 2944, 1590, 1630, 2060, 3687, 341, 938, 1266, 464, 325, 2193, 38, 56, 1613, 3053, 2857, 1357, 1617, 298, 3484, 1368, 943, 3595, 36, 1542, 502, 2420, 981, 1996, 2412, 2491, 286, 2025, 1749, 3180, 1195, 3437, 1586, 3116, 168, 2252, 1558, 889, 1030, 2977, 985, 3457, 2056, 3208, 644, 305, 3864, 2101, 1895, 2580, 3238, 2176, 3182, 2361, 201, 1663, 659, 165, 2172, 3841, 3856, 2187, 2370, 3089, 3955, 114, 44, 1715, 626, 1620, 3149, 1691, 3287, 725, 1322, 3004, 9, 1539, 1678, 1830, 2156, 2174, 2155, 2543, 2739, 3937, 1783, 1415, 3875, 1198, 3436, 1464, 1884, 1254, 1575, 611, 3863, 1253, 2317, 387, 859, 416, 3480, 1769, 2526, 814, 2211, 994, 2219, 217, 3087, 1110, 617, 692, 150, 3652, 3630, 81, 762, 1490, 3160, 2022, 2231, 1703, 3128, 2050, 2275, 344, 1177, 3580, 494, 1136, 1602, 2878, 710, 3810, 237, 432, 247, 1839, 2668, 1846, 2721, 1301, 797, 2806, 2342, 16, 646, 3781, 309, 3758, 2741, 65, 2728, 2679, 3393, 1118, 905, 3673, 2470, 388, 3728, 3410, 1452, 2511, 3250, 602, 2678, 3054, 3624, 337, 3794, 2238, 1752, 3444, 204, 3662, 1297, 1313, 1651, 2545, 2630, 1571, 3115, 3922, 2652, 3126, 2184, 1798, 284, 130, 3692, 2291, 3061, 1423, 2394, 881, 1224, 3101, 1589, 1341, 1446, 3019, 178, 3300, 212, 2735, 2507, 3676, 332, 3648, 30, 3420, 3502, 2535, 3661, 1633, 1917, 2861, 1856, 2564, 3994, 1709, 576, 1713, 3413, 3898, 3245, 3274, 2177, 3640, 3943, 3475, 658, 1675, 3190, 3696, 2860, 499, 2102, 1985, 809, 541, 2297, 1774, 2858, 99, 2888, 1300, 2924, 234, 3046, 1425, 3451, 3868, 3848, 1414, 3805, 364, 1353, 1669, 2958, 2141, 2754, 3267, 107, 3767, 505, 2419, 242, 1133, 1402, 117, 1307, 2559, 2246, 291, 404, 145, 716, 477, 1591, 720, 1155, 2381, 2585, 3424, 229, 3369, 3207, 2849, 140, 1082, 147, 2730, 3827, 2547, 3204, 2760, 2779, 948, 3130, 630, 3724, 1872, 2696, 2753, 2347, 1430, 2812, 1768, 2201, 87, 1050, 1945, 3512, 3114, 772, 657, 635, 2128, 347, 1997, 1552, 3603, 3776, 2324, 2583, 2443, 609, 3747, 2397, 2068, 3506, 2974, 588, 3403, 3594, 748, 2401, 3196, 874, 374, 78, 3649, 2787, 1327, 3967, 111, 2389, 353, 184, 2089, 2076, 2687, 786, 2236, 2425, 2960]
[2621, 3252, 481, 2768, 711, 872, 1862, 3644, 330, 1638, 2493, 3833, 3263, 211, 3618, 1070, 10, 3346, 3150, 2648, 817, 2932, 2146, 246, 3063, 2072, 875, 1288, 2777, 3606, 3741]
[314]
[360]
[527]
[685]
[784]
[909]
[925]
[1056]
[1152]
[1329]
[1510]
[1681]
[1820]
[1894]
[2016]
[2257]
[2305]
[2406]
[2650]
[2886]
[2988]
[3099]
[3319]
[3438]
[3686]
[3783]
[3961]
[392, 1939]
[643, 2398]
[1733, 3069]
[633, 3454]
[75, 1581]
[2903, 3246]
[74, 1108, 2095, 2711, 2970, 715, 1276, 1334, 3718, 3919, 2143, 3175, 670, 3886, 2435, 302, 3185, 1351, 3152, 3176, 3565, 523, 1503, 306, 1305]
[273, 2395, 1315, 744, 2872]
[260, 3743, 1625, 2371]
[2851, 3588]
[207, 733]
[3233, 3965]
[2823, 944, 2377]
[3449, 854, 2298, 2634, 935, 2603, 671, 811, 1486, 970, 3874, 3119, 851, 1017, 2033, 2550, 3983]
[599, 2568]
[1802, 2120, 3951, 2908, 2579, 3948]
[2800, 2162, 3391]
[310, 189, 2501, 3808, 525, 2064]
[1209, 3797, 1398, 1746, 1280, 822, 1031, 159, 2615, 281, 2628, 1111, 3659, 3534, 1095, 3298, 849, 1003]
[3304, 3465]
[3203, 2150, 2285, 764, 2017, 2530]
[2321, 656, 1509, 2453, 98, 2062, 575, 1603, 2700, 276, 399, 431, 3018, 2506, 137, 1098, 1903, 1066, 3935, 3020, 3269, 445, 1828, 906, 1896, 2785, 690, 2133, 3456, 3666, 2352, 2675]
[423, 2819, 2769, 3647, 2221, 2841]
[317]
[629]
[868]
[942]
[1241]
[1576]
[1864]
[2186]
[2341]
[2814]
[3030]
[3394]
[3711]
[3979]
[1410, 1433, 2818]
[356, 1427, 3555]
[1040, 331, 2197, 322, 1579, 2460]
[3349, 3792]
[1102, 2042, 3549]
[429, 1347, 2356, 1463, 3989, 800, 3867, 966, 998, 3361, 673, 169, 3178, 1416, 2664, 2040, 2926, 3977, 1881, 3731, 2716, 2286, 2549, 826, 1089, 2414, 3870, 1202, 3012, 738, 1037]
[1912, 1696, 1042, 2695, 405, 3960, 669, 841, 2899, 3192, 1240, 3262, 1459, 3907, 3703, 1665, 832, 977, 1248, 1909, 2757, 2416, 3260, 1609, 3059, 1518, 3214, 2555, 2999, 3347, 928, 530, 3938, 1738, 2382, 550, 898, 1023, 1283, 2803, 188, 3297, 125, 3700, 270, 856, 792, 266, 566, 2265, 3524, 584, 295, 1132, 2071, 1948, 2618, 997, 2439, 579, 3650, 855, 2130, 3539, 2636, 619, 2048, 3921, 2210, 632, 705, 8, 3159, 954, 3191, 280, 1618, 297, 696, 2061, 3999, 974, 548, 3954, 1763, 2296, 1356, 1869, 2237, 3011, 3281, 3637, 1732, 2911, 3315, 1647, 2468, 2747, 995, 2069, 34, 2031, 1058, 620, 1835, 338, 1184, 3240, 3528, 939, 1292, 1943, 3162, 1483, 370, 69, 1811, 498, 2680, 2712, 2164, 556, 2656, 134, 238, 790, 156, 1072, 759, 1623, 1363, 1873, 1245, 1861, 2158, 2842, 3616, 1178, 3820, 1672, 2098, 2765, 1745, 3453, 3310, 401, 1097, 279, 1701, 18, 2933, 3143, 3563, 3940, 1060, 622, 116, 1493, 23, 3927, 3073, 3129, 1314, 2119, 958, 3395, 3625, 3489, 2793, 3411, 2114, 3000, 2314, 1052, 2456, 3719, 1495, 253, 992, 3100, 3899, 1008, 1041, 1975, 860, 2192, 2995, 3859, 2290, 1902, 638, 1683, 834, 3272, 3566, 2115, 2729, 3882, 1781, 1886, 1355, 1502, 410, 698, 2980, 3634, 1227, 1524, 2479, 1267, 205, 951, 3256, 2245, 3541, 2982, 3821, 3194, 623, 485, 3187, 1601, 1492, 1690, 1332, 2261, 1166, 2070, 1658, 1995, 3636, 2129, 2640, 2217, 2020, 3729, 1680, 743, 1397, 328, 2594, 1447, 829, 3400, 6, 844, 1897, 1808, 3057, 1729, 3364, 1557, 2928, 2131, 3726, 2036, 2235, 2799, 1375, 43, 2586, 414, 3402, 97, 86, 3358, 3485, 3490, 312, 920, 148, 68, 1438, 3026, 3154, 483, 2751, 2322, 2358, 88, 2859, 3385, 1695, 3170, 3421, 1342, 3998, 1340, 1435, 1290, 1594, 3963, 2018, 1779, 3766, 3320, 1278, 3373, 167, 531, 3050, 2065, 3574, 351, 1993, 2784, 640, 1428, 2223, 3668, 1442, 3610, 967, 2260, 1728, 1718, 93, 252, 2854, 1231, 2624, 2504, 3712, 138, 1845, 3655, 3759, 3390, 3609, 893, 1508, 2350, 2258, 3283, 1645, 456, 1977, 1443, 2417, 902, 3657, 662, 441, 1345, 2037, 2654, 1467, 3958, 287, 1514, 1688, 1436, 1125, 2427, 2647, 2437, 3107, 3264, 2824, 128, 680, 774, 3957, 1028, 3122, 1043, 3070, 3326, 1499, 2067, 26, 181, 1279, 53, 2534, 2961, 2820, 3109, 1025, 3619, 335, 2761, 999, 1068, 2151, 2448, 3157, 1934, 2626, 2714, 1006, 2946, 3896, 2434, 3023, 2693, 3530, 2057, 2393, 2288, 1001, 2641, 2043, 223, 721, 642, 1221, 3762, 2776, 3857, 1871, 3709, 3947, 2542, 3717, 961, 2029, 1789, 532, 1915, 3872, 1605, 1677, 2920, 482, 2902, 3299, 3990, 1012, 3321, 2084, 459, 904, 890, 1564, 1775, 1850, 3716, 1800, 1978, 95, 732, 3060, 3452, 2487, 3997, 2643, 2, 511, 1631, 447, 787, 1988, 741, 3837, 474, 3372, 3556, 3446, 1121, 3991, 537, 3266, 704, 2774, 1924, 2107, 3351, 3522, 3042, 1785, 2607, 31, 1569, 3492, 1376, 3482, 1237, 1321, 1887, 2483, 1916, 3902, 318, 1472, 2887, 3802, 1796, 3626, 190, 2024, 1957, 1478, 3942, 1959, 2315, 2931, 2320, 3589, 1794, 1913, 2540, 2810, 2007, 2189, 32, 285, 3261, 194, 1593, 1704, 2123, 112, 1377, 3015, 362, 1039, 1784, 2884, 1792, 3430, 549, 2195, 2976, 1548, 1494, 3643, 820, 3426, 290, 3846, 641, 1392, 2890, 1649, 701, 458, 2292, 1525, 1105, 1317, 2313, 1088, 1806, 2421, 1449, 3340, 936, 989, 489, 1036, 612, 823, 1431, 1970, 1429, 2198, 440, 3770, 2178, 2357, 1540, 129, 594, 1863, 1220, 3027, 1592, 1919, 3615, 1891, 3098, 17, 3635, 1809, 2883, 1953, 3909, 1990, 3277, 2182, 736, 1653, 1213, 2871, 945, 54, 3596, 539, 1144, 2247, 2922, 1338, 1561, 2180, 2216, 2947, 771, 2482, 3293, 2930, 3572, 3573, 3491, 1243, 1367, 1859, 2900, 1055, 3645, 519, 1804, 46, 1113, 2390, 1352, 1824, 2003, 3024, 3031, 3106, 2264, 2519, 428, 3557, 171, 2764, 840, 3068, 1739, 2124, 2105, 2811, 591, 2873, 1496, 3025, 794, 1473, 3357, 3785, 2409, 1054, 1418, 976, 277, 1730, 3950, 2083, 2469, 3897, 3920, 492, 1465, 888, 1560, 1181, 3681, 2431, 1851, 2913, 850, 3913, 3088, 1259, 3441, 1608, 3889, 2894, 2915, 870, 2599, 876, 2209, 2725, 2743, 3213, 2391, 1972, 2099, 2157, 161, 1840, 1124, 1705, 3229, 230, 796, 2422, 1330, 830, 1942, 3679, 486, 978, 551, 1354, 1337, 2299, 2338, 3416, 1210, 2474, 371, 807, 1388, 1048, 2503, 903, 1646, 1250, 25, 1151, 555, 3282, 435, 877, 2360]
[722, 1032, 3671, 2998, 1396, 2809]
[2708, 3072, 3825, 3777, 2593, 2685]
[2598, 604, 806, 3380, 1085, 2975, 1546, 2556, 897, 1208, 1725, 2203, 2331, 836, 1458, 1538, 1612, 3697, 321, 3800, 3494, 1659, 2085, 3028, 1874, 2707, 3488, 480, 3929]
[1979, 241, 2039]
[434]
[917]
[1400]
[1989]
[2525]
[3279]
[3812]
[2489, 126, 1295]
[1029, 1046]
[3660, 517, 2418]
[1615, 3916, 516, 3784, 3445, 3147, 71, 3877]
[1200, 3010, 3836, 3981, 3079, 3258, 1004, 3440, 3771, 1228, 3047, 1312, 1441, 1627, 891, 1667, 2613, 2706, 1906, 2239, 757, 2587, 1140, 154, 239, 1264, 3495, 3303, 3419, 497, 300, 390, 742, 1570, 565, 2005, 2233, 2467, 250, 2905, 3953, 3946, 1426, 3216, 791, 3713, 2722, 2801, 1035, 2471, 2602, 1033, 1379, 92, 1165, 3705, 329, 805, 110, 437, 2778, 2715, 589, 3136, 3966, 3538, 1005, 3181, 1343, 2355, 3139, 1027, 1952, 1364, 3481, 2904, 1849, 1565, 735, 2486, 2023, 3970, 2153, 2863, 2948, 934, 2262, 3040, 3658, 224, 501, 1771, 3186, 3399, 1149, 2132, 3117, 1776, 2457, 1485, 3548, 4, 2992]
[3561, 1517, 1655, 1888, 3470, 1384, 2204, 1611, 2752, 127, 2856, 749, 1130, 1532, 2529, 648, 2346, 221, 2494, 3925, 2866, 1482, 1197, 3169, 766, 3900, 1999, 102, 1479, 3788, 2256, 3205, 1112, 1918, 731, 3883, 821, 1103, 340, 442, 3516]
[729]
[1795]
[2927]
[2250, 2440]
[3791, 2030, 3704, 1114, 1206, 1437, 1516, 1474, 2639, 3183, 2677, 90, 1090, 608, 79, 395, 3544, 2109, 3816, 597, 1947, 546, 3633, 1135, 153, 512, 84, 590, 1889, 2096, 393, 386, 1838, 3917, 697, 2710, 3084, 1107, 1401, 1021, 1668, 2724, 3397, 2092, 2644, 2432, 3617, 136, 1362, 2334, 67, 3806, 3815, 2302, 1689, 2454, 730, 878, 2220, 2523, 3110, 1852, 1242, 3814, 3306, 1855, 2038, 2690, 931, 1544, 269, 144, 418, 545, 240, 3231, 1287, 1782, 1469, 654, 2021, 3179, 355, 1063, 3772, 3508, 1204, 1559, 3367, 2892, 3294, 2433, 3337, 1094, 2340, 3860, 3075, 3936, 583, 3740, 3103, 1372, 2343, 2689, 3749, 2868, 2959, 2575, 3478, 2738, 1484, 2218, 1092, 424, 1807, 2563, 2472, 160, 831, 2117, 567, 2034, 3855, 313, 1171, 91, 3642, 214, 1007, 610, 678, 1549, 2836, 1527, 3345, 2408, 3982, 543, 1803]
[2000, 2168, 378, 2622]
[1127]
[3505]
[647, 446, 3628, 170, 799, 3166, 2222, 2026, 723, 2185, 3177]
[2277]
[1174, 225, 369, 1215, 367, 1762]
[3342, 524, 2362]
