[1391, 1392, 1393, 1397, 1398, 1399, 1408, 1409]
[1432, 1433, 1434, 1435, 1436, 1438, 1439, 1442]
[1465, 1467, 1468, 1472, 1473, 1474, 1475, 1477]
[1496, 1497, 1499, 1505, 1508, 1509, 1512, 1514]
[1554, 1557, 1560, 1561, 1562, 1564, 1565, 1567]
[1594, 1601, 1608, 1609, 3226, 1610, 1616, 1618, 1620]
[1647, 1648, 1649, 1650, 1653, 1655, 398, 399, 1658, 1659]
[1683, 1688, 1689, 1690, 1692, 1695, 1697, 1704]
[1729, 1731, 1732, 1738, 1739, 1743, 1745, 1748]
[1781, 1785, 1787, 1792, 1794, 1795, 1796, 1797]
[1817, 1818, 1823, 1826, 1828, 1833, 1835, 1838]
[1861, 1862, 1863, 1867, 1868, 1869, 1870, 1873]
[1897, 1902, 430, 3553, 745, 1163, 1378, 1992, 2386, 3128, 3487, 3707, 1904, 1906, 1908, 1909, 1913, 1915]
[1910, 50, 1664, 1945, 1947, 1948, 1949, 1953, 1957, 3630, 1966, 1967]
[1982, 1988, 1990, 1993, 1995, 1998, 1999, 2001]
[2031, 2032, 2033, 2036, 2037, 2040, 2041, 2043]
[2074, 2076, 2080, 2082, 2084, 2086, 2091, 2099]
[2470, 2124, 2126, 2129, 2130, 2131, 2132, 2133, 2144]
[2164, 2165, 2166, 2168, 2170, 2173, 2176, 2178]
[2194, 2195, 2198, 2199, 2204, 2205, 2208, 2210]
[2223, 2225, 2232, 2234, 2235, 2237, 2242, 2245]
[2286, 2290, 2291, 2292, 2296, 2297, 2299, 2313]
[2849, 2458, 117, 2580, 3387, 777, 778, 2342, 2346, 2348, 2350, 2633, 3341, 2355, 2356, 2357, 2358]
[2387, 2390, 2391, 2395, 709, 3311, 2952, 2959, 2397, 2401, 3993, 3950, 1815, 265, 1670, 627, 630, 2403, 2405]
[2425, 2427, 2428, 2430, 2434, 2435, 287, 289, 2436, 2437]
[1373, 2741, 1985, 2523, 700, 3124, 208, 859, 367, 1455, 523, 2143, 2457, 2459, 2739, 1617, 2800, 2462, 2464, 2468, 2475, 2478, 2479]
[2504, 2505, 2506, 2509, 2510, 2513, 2514, 2519]
[2542, 2544, 2545, 2548, 2554, 2555, 2558, 2561]
[2586, 2592, 2593, 2594, 2595, 2599, 2601, 2607]
[2641, 2642, 2647, 2651, 2652, 2654, 2655, 2656]
[2694, 2696, 2712, 2714, 2715, 2716, 2717, 2718]
[2746, 2747, 2748, 2751, 2756, 2757, 2760, 2761]
[2790, 2792, 2793, 2794, 2797, 2798, 2799, 2803]
[2841, 2842, 2845, 2846, 2847, 2853, 2854, 2855]
[2891, 2893, 2899, 2901, 2902, 2903, 2904, 2907]
[2928, 2930, 2931, 2932, 2940, 2942, 2947, 2951]
[2981, 2982, 797, 1099, 3239, 2986, 2991, 2995, 2998, 2999, 3000]
[3506, 2878, 948, 412, 165, 163, 2968, 3929, 3021, 3022, 3023, 3025, 3026, 3027, 3029, 3030]
[3045, 3047, 3048, 3050, 3051, 3053, 3055, 3057]
[3595, 3177, 3179, 3084, 3085, 3087, 3088, 3091, 3092, 3093, 3094]
[3127, 3129, 3161, 3135, 3138, 476, 480, 814, 817, 2550, 2553, 3139, 3142, 1976, 2096, 1735, 1536, 739, 1814, 3147, 3149]
[3165, 3167, 3169, 3170, 3696, 3699, 3815, 3567, 3464, 3212, 3097, 2925, 2782, 2563, 1602, 818, 2093, 472, 84, 1, 1896, 3121, 478, 3404, 3174, 3176, 3180, 3182]
[3211, 3213, 3214, 3216, 220, 225, 3218, 3219, 3220, 3221]
[3259, 3260, 3261, 3262, 3264, 3266, 3272, 3274]
[987, 1148, 200, 2688, 3292, 3293, 3297, 3299, 3235, 3331, 2669, 2675, 3305, 3306, 3310, 3314]
[3330, 3339, 3340, 3342, 3347, 3349, 3351, 3352]
[3368, 3373, 3378, 3379, 3384, 3385, 3390, 3394]
[3419, 3421, 3772, 2002, 923, 1067, 3424, 3425, 3426, 3428, 3429, 3430]
[3472, 3474, 3485, 3486, 3489, 3490, 3492, 3493]
[3528, 3530, 846, 847, 3541, 3543, 1154, 2934, 3556, 3557, 3560, 3562]
[3589, 3590, 1423, 2966, 2935, 2056, 2444, 2719, 3267, 241, 246, 2610, 2616, 3591, 3593, 3594, 3598, 3599, 3601]
[3622, 3625, 3626, 3629, 3633, 3634, 3635, 3636]
[3655, 3657, 3667, 3668, 3671, 3674, 3677, 3679]
[3709, 3711, 3712, 3714, 3717, 3719, 3720, 3722]
[3465, 3471, 3752, 3755, 3758, 3759, 3760, 3762, 3766, 3770]
[3793, 3796, 3798, 3800, 3802, 3803, 3810, 3811]
[3837, 3838, 3846, 3847, 3857, 3859, 505, 843, 1984, 2361, 301, 302, 2226, 2228, 3864, 3871]
[3892, 3893, 3896, 3899, 3902, 3904, 3906, 3907]
[3353, 3354, 3934, 3937, 3938, 3940, 3941, 3942, 3952, 3954]
[3986, 3988, 3990, 3991, 3994, 3998, 3999, 320, 1917]
[2087, 3206, 3372, 3519, 661, 2027, 1119, 3077, 2622, 2961, 111, 3150, 2808, 3422, 1605, 2606]
[2916, 291, 3749, 776, 2533, 184, 2293, 2384, 2385, 3475, 3673, 174, 607, 355, 3675, 2950, 3526, 227, 2141, 1223, 3833, 2528, 1146, 2516, 3164]
[659, 959, 3434, 1445, 1727, 1621, 3304, 2376, 3574, 2244, 2861, 3431, 3288, 1173, 3844, 3854, 1884, 3623, 3922, 2941, 360, 1370]
[1178, 1379, 2398, 3716, 3089, 2394, 2502, 3693, 191, 1334, 2663, 871, 1004, 2282, 12, 1183, 3398, 3399, 14, 186, 21, 1890]
[2666, 2667, 210, 2937, 212, 2974, 874, 2045, 822, 2303, 3144, 3450, 1007, 214, 3614, 424, 3099, 229, 1698, 3270, 3768, 1382, 3189, 235, 2858, 251, 298, 3642, 3289, 2737, 3480, 1667, 1523, 865, 1109, 2374, 2351, 2352, 255, 3910, 264, 2283]
[2983, 567, 775, 1604, 631, 3918, 648, 1484, 2075, 689, 658, 1961, 1614, 666, 1489, 2229, 692, 1674, 2551, 2349, 2191, 752, 1425, 2590, 717, 867, 723, 2375]
[3066, 3865, 1500, 3285, 1306, 2990, 932, 2049, 1694, 1309, 3834, 1819, 3423, 3350, 3380, 3860, 2579, 2581, 3510, 3514, 1362, 2955, 1372, 1632, 3883, 1159, 1553, 2650, 1167, 1174, 1603, 3782, 1914, 2321, 1457, 1657, 1506, 3004, 1522, 2196, 1551, 3901]
[2326, 3467, 3788, 2377, 3546, 2381, 2708, 2454, 3317, 232, 1528, 1933, 2583, 3096, 2720, 2758, 2744, 2780, 3253, 2022, 1889, 1404, 1137, 909, 389, 900, 277, 275, 1598, 3014, 3334, 3049, 3831]
[3825, 3513, 3072, 1089, 542, 471, 281, 406, 750, 3, 1091, 15, 357, 3925, 3721, 3427, 2919, 2777, 2472, 2153, 2068, 2000, 1968, 1511, 3900, 1339, 24, 2921, 2103, 2525, 3473, 2156, 2224, 87, 40, 737, 294, 1265, 2559, 793, 2956, 578, 3881, 1281, 1440, 3930, 801, 806, 2512, 3552, 2661, 3255, 299, 284, 1133, 173, 2325, 309, 1471]
[152, 1566, 140, 1858, 3961, 3569, 3462, 3449, 3337, 2402, 2038, 1079, 2063, 2423, 479, 423, 168, 292, 1812, 1944, 278, 2125, 3328, 3329, 3620, 3621, 2415, 3808, 1681, 307, 179, 67, 3284, 3478, 3323, 3141, 288, 1020, 613, 839, 1624, 332, 547, 3134, 65, 1764, 388, 240, 3116, 888, 409, 836, 532, 2347]
[2238, 1479, 1155, 1885, 3931, 3741, 2028, 1452, 1357, 1768, 1503, 3444, 1733, 3074, 1754, 2958, 2310, 1055, 2136, 2339, 3897, 2831, 3665]
[1230, 1789, 3980, 2441, 1950, 1894, 142, 1875, 13, 3463, 2809, 2572, 592, 2945, 2081, 178, 3115, 2939, 1762, 1108, 267, 1805, 172, 2201, 1131, 408, 1386, 1287, 1996, 3685, 1607, 905, 1932, 1622, 2118]
[3437, 403, 3130, 3313, 2138, 2089, 1813, 1643, 1611, 236, 3547, 1507, 2207, 2175, 2653, 3612, 2285, 2912, 3120, 2783, 962, 3417, 864, 461, 1284, 149, 1437, 740, 1034, 2432, 1516, 3059, 716, 3935, 3533, 2062, 1571, 3080, 2501, 3836]
[2745, 127, 330, 1421, 3301, 3242, 1491, 2172, 595, 72, 3905, 2697, 2707, 3498, 3415, 1872, 2753, 376, 1696, 1898, 2492, 1344, 1504, 1422, 2023, 3303, 749, 2557, 2388, 2134, 3551, 2264, 2825, 2152, 3171, 545, 3278, 952, 2268, 3103, 789, 1319]
[319, 3436, 331, 1545, 514, 340, 944, 94, 2571, 3608, 347, 3754, 353, 1175, 1042, 364, 2609, 766, 401, 363, 506, 508, 1871, 2917]
[881, 2560, 2837, 2786, 831, 2254, 924, 3764, 1082, 3549, 3968, 2789, 1097, 3056, 2203, 1107, 2150, 1168, 3181, 2644, 3412, 2451, 2452, 1380, 2767, 1411, 1521]
[2253, 3628, 2330, 3966, 2368, 3251, 2380, 3190, 1051, 1654, 1756, 1076, 1714, 3841, 3842, 1094, 1615, 1235, 2295, 3807, 3153, 2639, 2486, 2396, 2034, 1802, 917, 767, 673, 282, 569, 2426, 2964, 3518, 2535, 454, 410, 3499, 2536, 3257, 3698, 3631, 3083, 1424, 3868, 2570, 3307, 1895, 602, 1586]
[3542, 3582, 3641, 3866, 1580, 2781, 106, 305, 3885, 544, 2309, 3775, 1530, 2673, 3964, 2306, 2104, 2174, 29, 49, 2367, 30, 804, 3692, 2700, 1725, 687, 42, 475, 3369, 3001, 1760, 2083, 870, 1191, 66, 253]
[2865, 2866, 2341, 175, 2970, 3246, 183, 3535, 207, 614, 2833, 2078, 217, 940, 535, 221, 3799, 2805, 1074, 816, 884, 1327, 219, 1180, 3765, 231, 1070, 233, 3981, 3746, 1925, 1832, 703, 946, 250, 691]
[1588, 1401, 382, 1121, 2754, 386, 1772, 3805, 2908, 1234, 854, 3946, 431, 937, 1854, 3797, 2549, 1480, 965, 779, 39, 1186, 3201, 3202, 2658, 391, 2856, 2591, 1218, 433, 2775, 443, 3563, 2678, 2896, 3006, 2801, 2532, 3777, 2272, 1751, 1441, 446, 1385, 1389, 1196, 1111, 455, 1829, 3924, 3917, 1983, 457, 690]
[104, 105, 559, 3750, 587, 3245, 419, 1182, 3550, 3555, 596, 2564, 2160, 1790, 1172, 606, 969, 1513, 1635, 657, 1011, 693, 1403, 721, 2649, 2243, 722, 1547]
[1470, 885, 1255, 3592, 891, 971, 3730, 3046, 2589, 2305, 1448, 914, 1142, 768, 2105, 3658, 2989, 1893, 1877, 1022, 1013, 1639, 2892, 1364, 1014, 2710, 2294, 1016, 710, 2004, 1024, 2872, 1041, 2039]
[3687, 3688, 1493, 2393, 1542, 2517, 1631, 1784, 1652, 3913, 3959, 3960, 880, 886, 3243, 3244, 1677, 3753, 3296, 2662, 1791, 1736, 3388, 2612, 2500, 1414, 1242, 1010, 170, 654, 1719, 529, 676, 421, 1830, 3757, 1771, 2511, 2637, 1804, 2494]
[2752, 2256, 3600, 2617, 2042, 1926, 1723, 1176, 209, 1003, 3973, 2308, 19, 887, 2016, 2331, 3397, 1520, 3269, 2659, 3684, 1299, 2344, 3391, 1060, 2410, 3701, 2445, 2960, 2602, 3916, 2638, 3664, 1261, 2518, 1712, 3849]
[2231, 491, 1096, 2690, 1546, 1880, 1027, 1264, 5, 2419, 1682, 686, 1272, 1849, 3018, 800, 3823, 346, 979, 2370, 507, 3445, 1855, 2499, 325, 374, 90, 3442, 2109, 3446, 164, 3386, 994, 3976, 2685, 1822, 527, 1952, 1498, 524, 496, 368, 83, 132, 326, 1201, 387, 3459, 3728, 400, 2670, 1741, 358, 2645, 324, 2097]
[3501, 1209, 2906, 3948, 1214, 2098, 2556, 2221, 509, 429, 349, 2538, 344, 322, 1204, 1851, 2657, 2190, 1187, 1717, 1228, 3850, 1229, 1358, 570, 2003, 618, 1254, 315, 2300, 1315, 1310, 333, 976, 3794, 3081, 983, 2524, 3497, 1347, 2269, 1574, 1313, 2252]
[204, 218, 2926, 2814, 120, 2619, 3975, 1941, 1747, 2455, 675, 629, 121, 918, 2823, 2971, 2978, 257, 2304, 3470, 3468, 3140, 2214, 3895, 2025, 1402, 286, 258, 293, 3618, 2988, 2813, 3095, 2369, 1579, 1626, 350, 562, 935, 1986, 3108, 375, 670, 248, 3508, 3175, 3944, 3898, 3680, 3254, 3003, 2936, 2471, 2465, 1031, 826, 3962, 581, 501, 11, 575, 1368, 910, 919, 3517, 2722, 3702, 3718, 1666, 3199, 1212, 1106, 1033, 3346, 3771, 821, 3708, 536, 2477, 1777, 2334]
[36, 37, 41, 43, 46, 52, 53, 54, 59, 60, 68, 69, 86, 88, 93, 97]
[161, 167, 171, 176, 177, 181, 182, 188, 190, 192, 193, 194, 199, 203, 230, 238]
[3566, 303, 308, 312, 314, 2328, 2333, 317, 318, 323, 327, 328, 334, 335, 338, 342, 351, 1840, 362, 366]
[417, 426, 435, 436, 622, 438, 439, 440, 441, 2061, 444, 445, 447, 449, 2177, 450, 452, 456, 458]
[2092, 516, 518, 520, 530, 531, 537, 539, 540, 541, 548, 549, 550, 1975, 551, 553, 555, 556]
[605, 611, 612, 615, 1742, 617, 619, 620, 621, 623, 626, 637, 638, 639, 640, 511, 513, 641, 642]
[706, 707, 719, 727, 730, 732, 741, 743, 746, 748, 751, 758, 759, 764, 771, 774]
[842, 844, 848, 850, 853, 855, 856, 858, 860, 866, 869, 872, 3532, 3539, 3355, 1671, 1353, 798, 2711, 1335, 1765, 873, 875, 877, 879]
[939, 941, 943, 945, 955, 956, 958, 960, 967, 970, 1311, 62, 64, 972, 973, 974, 977, 978, 982]
[1023, 1025, 1028, 1029, 1032, 1036, 1039, 1043, 882, 3914, 677, 1026, 1044, 1045, 1048, 1052, 1054, 1056, 1058, 1063]
[1125, 1132, 1135, 1138, 1144, 1152, 1157, 1161, 1165, 1166, 1179, 1184, 1185, 1193, 1194, 1197]
[1238, 1239, 1240, 1241, 2409, 1243, 1245, 3603, 3651, 712, 1673, 1246, 1247, 1248, 1250, 1662, 1257, 1263, 3992, 2723, 2543, 2301, 2240, 3955, 3814, 3231, 2984, 2689, 2353, 2298, 678, 137, 3345, 3767, 1269, 1274, 1277, 1278]
[1320, 1321, 1323, 1325, 1326, 1329, 1330, 1332, 1336, 1337, 1338, 1340, 1341, 1342, 1343, 1345]
[1410, 1415, 1416, 1418, 1426, 1428, 1429, 1431]
[1478, 1483, 3953, 3733, 3727, 3500, 2804, 2763, 2145, 2111, 2100, 1962, 1576, 1302, 1276, 1145, 1141, 1095, 926, 915, 487, 1127, 1776, 1485, 1488, 1490, 1492, 1494, 1495]
[1569, 1572, 1578, 1581, 3232, 1582, 1591, 1592, 1593]
[1661, 1665, 3606, 1936, 1642, 473, 664, 1668, 1669, 1672, 1675, 1676, 1680]
[2943, 2944, 1750, 1753, 1755, 1761, 1763, 1774, 1778, 1779]
[1839, 1843, 1845, 1847, 1848, 1850, 1852, 1859]
[1916, 1918, 1919, 1923, 1935, 1939, 1942, 1943]
[2230, 2005, 2006, 2007, 2009, 2018, 2020, 2024, 2029]
[2102, 2106, 3333, 2112, 2115, 2116, 2119, 2121, 2123]
[2180, 2181, 1930, 3101, 835, 1798, 1526, 1531, 2184, 2185, 2187, 2189, 2192, 2193]
[2247, 2249, 2258, 2259, 2260, 2261, 2262, 2265]
[2360, 2362, 2363, 2365, 2371, 2372, 2378, 2382]
[2439, 2442, 2446, 2447, 2448, 2449, 2453, 2456]
[2520, 2521, 2527, 2529, 2531, 2534, 2537, 2540]
[2618, 2620, 2624, 2625, 2626, 2627, 2632, 2636]
[2726, 2727, 2728, 2731, 2732, 2734, 2740, 2743]
[2810, 2811, 2816, 2818, 2821, 2824, 3376, 1021, 2992, 2830, 2832]
[3887, 3816, 3383, 3356, 2807, 2498, 2271, 2197, 2079, 1444, 1147, 938, 862, 784, 563, 500, 57, 1599, 2159, 2909, 2910, 2911, 2913, 2915, 2918, 2920, 2922]
[699, 3286, 3005, 3007, 3009, 3011, 2795, 2796, 3013, 3015, 3079, 2600, 1366, 304, 966, 92, 256, 3019, 3020]
[3060, 3065, 3067, 3068, 3070, 3073, 3075, 3076]
[3152, 3154, 3531, 2769, 2488, 2270, 876, 1073, 1126, 3155, 3156, 3157, 3159, 3160, 3162]
[3224, 3225, 3229, 3233, 3236, 3240, 114, 2055, 2012, 2015, 103, 437, 3252, 3258]
[3315, 3320, 3321, 3322, 3324, 3325, 3326, 3327]
[3395, 3396, 3400, 3401, 3402, 3406, 3411, 3416]
[3502, 3504, 3505, 3507, 3522, 3523, 3524, 3525]
[3604, 3605, 3607, 3609, 3610, 3615, 3616, 3619]
[3681, 3686, 3690, 3691, 3694, 3695, 3700, 3703]
[3774, 3776, 3783, 3784, 3785, 3786, 44, 1958, 911, 1537, 2113, 3789, 3791]
[3872, 3874, 3876, 3878, 3880, 3882, 3888, 3889]
[3957, 3958, 3963, 3967, 3969, 3972, 3974, 3982]
[757, 108, 3649, 420, 3575, 1199, 3780, 3479, 3894, 1842, 3249, 1208, 2946, 503, 2312, 1550, 2279, 685, 981, 2819, 3488, 1188, 1595, 2233, 442, 2573, 3653, 453, 3529, 3418, 1687, 51, 1140]
[3920, 2227, 733, 841, 2280, 2643, 189, 696, 561, 975, 708, 1701, 714, 3977, 1037, 3483, 2924, 1394, 1150, 3852, 484, 195, 81, 1644]
[348, 3559, 402, 1395, 2698, 411, 1296, 432, 3706, 313, 2169, 3912, 3662, 3136, 2054, 1469, 1215, 1136, 1085, 942, 912, 586, 512, 339, 154, 109, 451, 645, 462, 1030, 3932, 3247, 463, 1534, 2495, 494, 1244]
[3795, 3227, 2987, 1971, 1369, 1559, 3828, 3580, 3205, 3184, 3002, 2898, 2785, 2014, 1931, 1476, 1061, 684, 656, 1575, 2311, 3215, 1584, 1703, 1629, 3778, 3903, 3035, 2671, 2135, 1151, 1816, 2052, 352, 337, 1911, 58, 1878, 3873, 2481, 1951, 2188, 1954, 3763, 1997, 3146]
[3989, 3298, 2724, 2577, 1846, 718, 2603, 155, 1656, 1221, 2843, 3548, 3133, 2127, 1782, 1116, 245, 243, 1205, 2345, 667, 354, 45, 237, 2404, 3495, 3008, 1746, 1466, 1427, 1047, 813, 356, 868, 311, 224, 206, 89, 197, 3237, 1924, 1928, 2949, 3110, 1929, 1934, 91, 3745, 95, 2142, 649, 653, 3564, 2905, 2730, 1706, 1262, 422, 133, 1035, 2046, 139, 2288]
[2900, 3790, 3052, 3113, 825, 828, 3312, 1396, 3884, 2530, 3627, 2585, 3374, 1836, 2772, 3851, 1844, 3058, 3945, 3870, 3409, 2993, 2839, 2660, 2059, 1938, 1841, 1769, 1663, 1587, 1555, 1371, 1301, 1078, 996, 769, 643, 470, 418, 75, 244, 3736, 2077, 3477, 3779, 772, 3458, 1786, 2817, 1270, 3197, 144, 234, 3933, 3829, 3806, 3125, 2742, 2608, 2541, 2438, 1987, 1633, 1046, 811, 672, 413, 1715, 837, 1117]
[2613, 3122, 2994, 2759, 3363, 405, 3309, 2257, 1049, 151, 2171, 651, 3577, 1636, 98, 863, 261, 3238, 80, 3193, 838, 3537, 1156, 2067, 1206, 1892, 3441, 1259, 3602, 1541, 222, 2695]
[552, 1413, 136, 1556, 1568, 3512, 608, 1482, 1991, 616, 1050, 9, 2021, 2838, 3207, 652, 3879, 761, 1294, 3787, 580, 2019, 763, 1758, 2389, 2155, 783, 957, 840, 3256]
[2623, 3086, 628, 1260, 2646, 385, 762, 2668, 2738, 528, 589, 2699, 1969, 213, 724, 2802, 1903, 185, 3639, 3659, 3660, 2953, 3915, 3291, 3536, 3382, 650, 1684, 2090, 3440, 3683]
[2863, 2826, 1901, 259, 1349, 3744, 2466, 2287, 1539, 273, 1510, 283, 3596, 329, 603, 1000, 3862, 1038, 3024, 3773, 2044, 1989, 1065, 341, 3979, 3723, 3371, 2053, 711, 2095, 574, 477, 160, 695, 3538, 343, 2474, 1834, 359, 1956, 369, 2122]
[663, 1994, 3132, 2862, 1722, 2914, 2035, 3565, 754, 1865, 2248, 3223, 2985, 522, 889, 3516, 3521, 726, 2587, 3984, 2222, 22, 63, 3928, 805, 728, 3965, 2836, 744, 1678, 2677, 747, 2073, 3624, 1552, 1519, 765, 780, 808, 929, 810, 1181, 933, 3875, 834, 1377]
[1824, 3570, 1905, 3302, 1920, 2064, 3012, 1937, 3792, 2507, 2317, 2278, 2702, 1177, 517, 146, 1164, 2467, 1959, 3997, 2030, 2870, 3983, 3119, 2108, 3028, 2725, 2209, 3273]
[3494, 3408, 3308, 3294, 3248, 3208, 2829, 2263, 2200, 1630, 725, 1129, 2848, 1583, 819, 845, 930, 1527, 495, 2954, 3503, 3241, 2379, 1711, 3433, 729, 1170, 1307, 2812, 2239, 2241, 1651, 3230, 2705, 1419, 3451, 3985, 3809, 3054, 2997, 2706, 2611, 2552, 1927, 1130, 1112, 985, 809, 802, 448, 55, 756, 3344, 1110, 2473, 2476, 1752, 3111, 899, 1820, 1708, 249, 694, 949, 2874, 99, 101, 3672, 3166, 3069, 2508, 1400, 460, 100, 2407, 131, 3956, 3826, 3534, 3731, 3319, 3348, 3063, 3062, 2414, 2251, 2017, 1837, 2284, 1730, 1563, 1456, 3476, 1258, 510, 2648, 130, 1979, 107, 110, 2266, 2273, 2275, 2276, 1053, 2881, 1059, 1289, 2693, 1114, 3039, 799, 849, 3044, 3287, 1195, 636, 3869]
[3947, 0, 2, 4, 6, 8, 16, 17, 18, 23, 25, 26, 31, 32, 33, 34, 35]
[252, 254, 262, 263, 266, 269, 270, 271, 274, 279, 280, 285, 290, 295, 297, 300]
[459, 467, 468, 474, 481, 482, 483, 485, 486, 488, 489, 490, 492, 497, 498, 504]
[655, 662, 665, 668, 1192, 671, 674, 680, 681, 682, 683, 48, 1766, 697, 698, 701, 702, 704, 705]
[892, 893, 898, 902, 903, 904, 906, 907, 920, 921, 984, 2969, 922, 925, 928, 931, 934, 936]
[1960, 3392, 1064, 1068, 1069, 1071, 1072, 1075, 1080, 1081, 1083, 1088, 1308, 2383, 1098, 1101, 1102, 1105, 1120, 1124]
[1279, 1280, 1283, 1285, 1288, 1290, 1291, 1292, 1293, 1295, 1298, 1305, 1312, 1314, 1316, 1317]
[1443, 1447, 1449, 1454, 1459, 1460, 2497, 2460, 2085, 2139, 1462, 1463]
[1623, 1625, 1634, 1637, 736, 738, 1640, 1641, 1645, 1646]
[1266, 1267, 1799, 1800, 1801, 1806, 1807, 1808, 1809, 1811]
[1970, 1972, 2806, 1973, 1974, 1977, 1978, 1980, 1981]
[2146, 2148, 2149, 2151, 2154, 2157, 2158, 2162]
[2314, 2315, 2316, 2320, 2322, 2324, 2338, 2340]
[3520, 2482, 2483, 2485, 2487, 2490, 2493, 2496, 2503]
[2676, 2680, 2681, 2682, 2332, 3172, 2771, 3666, 2683, 2687, 625, 988, 2691, 2692]
[2857, 2859, 2877, 2883, 2884, 2886, 2887, 2890]
[3031, 3032, 3033, 3034, 3038, 3041, 3042, 3043]
[3187, 3191, 3192, 3194, 515, 827, 2867, 2869, 3195, 3196, 3203, 3204]
[3357, 3358, 3359, 3361, 3362, 3364, 2762, 2364, 601, 734, 1638, 3365, 3366]
[3482, 3484, 3571, 3572, 3576, 3578, 3581, 3583, 3586, 3588]
[3725, 3726, 3729, 3735, 166, 2302, 1907, 3343, 715, 2337, 2562, 2596, 3737, 3738, 3747, 3751]
[947, 951, 953, 954, 3908, 3909, 3911, 3919, 3921, 3923, 3926, 3927]
[158, 3824, 3710, 3178, 2179, 2026, 1899, 980, 731, 598, 534, 383, 316, 211, 126, 1331, 1160, 2840, 1303, 2895, 753, 1713, 1057, 573, 635, 1757, 3109, 180, 1775, 632, 3748, 2011, 3452, 2489, 3573]
[851, 803, 2147, 3544, 824, 3739, 852, 1407, 878, 1693, 2679, 1249, 3663, 3682, 2967, 2461, 1017, 963, 1268, 2491, 1271, 2274, 2674, 215, 1570, 3804, 3481, 3148, 3117, 2598, 2515, 2412, 2392, 2327, 1702, 1103, 883, 425, 1304, 1866]
[1955, 464, 3781, 571, 3210, 365, 2815, 2236, 597, 2885, 1558, 2013, 600, 2703, 624, 2202, 2343, 3840, 2440, 1501, 1090, 720, 2684, 3558, 788, 2875, 1810, 2107, 1040, 857, 3268, 3460, 3461, 1086, 3222, 2776, 1093, 1158]
[2851, 3511, 226, 372, 897, 85, 1628, 1486, 1788, 3877, 3853, 2597, 395, 660, 1430, 644, 1699, 272, 2938, 61, 3078, 3647, 3183, 3037, 2565, 2255, 1825, 1256, 755, 336, 7, 499, 3209, 2215, 3414, 79, 2672, 205, 787, 276, 1481, 1900, 3234, 306, 2110, 1461, 2277, 1100, 1613, 310, 2615]
[2140, 3644, 3509, 2736, 1857, 1464, 70, 76, 2057, 73, 3061, 2834, 2709, 2117, 1328, 361, 78, 153, 82, 122, 895, 896, 3527, 609, 102, 2733, 3704, 3761, 3200, 2634, 1783, 1458, 1226, 3338, 1200, 1190, 196, 187, 145, 773, 3332, 3276, 3118, 2791, 2701, 2628, 159, 968, 10, 169, 688]
[2729, 1139, 1780, 1679, 1517, 1210, 1502, 2755, 1224, 2713, 1333, 2182, 3250, 1359, 2664, 2788, 2721, 1387, 533, 1964, 3848, 1446, 2072, 1451, 2575]
[3971, 3724, 3697, 3670, 3656, 3597, 3584, 3198, 3137, 3016, 2876, 2631, 2588, 2480, 2400, 1881, 1856, 1685, 1590, 1538, 1487, 1005, 927, 735, 390, 216, 2948, 3613, 1162, 3126, 1596, 2750, 1691, 1123, 2267, 3867, 3336, 2888, 2686, 2289, 1864, 1597, 1361, 1207, 1066, 1018, 3861, 2051, 2101, 3454, 3455, 1720, 2431, 1831, 1606, 1773, 1749, 3890, 2373, 3845, 3891, 2629, 3996, 2621, 1122, 2418, 2850, 2880, 3188, 2889, 3545, 1860, 123, 679]
[370, 371, 373, 378, 2319, 3393, 3648, 558, 2167, 3813, 913, 1092, 2576, 2604, 379, 380, 381, 384, 428, 392, 393, 890, 394, 397, 74, 3420, 404, 407, 414, 415]
[781, 785, 786, 790, 791, 792, 794, 796, 807, 812, 820, 823, 829, 830, 832, 833]
[1202, 1203, 1211, 1213, 1216, 1217, 1219, 1220, 1222, 1225, 1227, 1231, 3742, 2852, 588, 260, 223, 2897, 1232, 1233, 1236, 1237]
[1515, 1518, 1524, 1525, 1535, 1540, 1543, 1548]
[1876, 1879, 1882, 1883, 1886, 1887, 1888, 1891]
[2211, 2212, 2213, 2216, 2217, 2218, 2219, 2220]
[2566, 2567, 2568, 2569, 2574, 2578, 2582, 2584]
[3886, 3561, 2927, 2484, 782, 633, 1297, 2614, 1549, 2094, 861, 1134, 526, 2450, 1251, 1252, 2963, 2965, 2972, 2975, 2976, 2977, 2979, 2980]
[3275, 3277, 3279, 3280, 3281, 3282, 3283, 3290]
[3637, 3638, 3640, 3643, 3645, 3646, 3650, 3652]
[2318, 2933, 2630, 2996, 2820, 3377, 3943, 2008, 1128, 2066, 1420, 3843, 1793, 2835, 572, 1153, 416, 2354]
[894, 115, 2539, 3064, 3403, 3082, 3769, 3090, 3381, 3970, 3300, 1351, 466, 2463, 3617, 713, 3987, 1417, 3585, 646, 1946, 3036, 1275, 3715, 3318, 3469, 3335, 3407, 950, 3819, 1853, 1874, 3370, 3818, 1087, 3936, 3105, 3131]
[1412, 3661, 1577, 3173, 3168, 1770, 908, 3186, 1084, 3185, 239, 2546, 1171, 1759, 3443, 3689, 760, 28, 345, 3040, 3017, 2929, 56, 296, 1721, 1724, 3949, 3951, 1585, 1767, 2605, 1600, 2749, 1300, 2547, 1734, 3360, 1737, 3010, 1821, 2860, 577, 2827, 1921, 2281]
[2704, 3151, 3678, 2973, 3827, 3587, 247, 1169, 2183, 3732, 1627, 2640, 3801, 1062, 1827, 521, 1573, 20, 3839, 2828, 3071, 502, 3228, 2137, 3163, 2882, 1077, 2399, 2522, 396, 427, 815, 377, 268, 2246, 3995, 634, 3410]
[557, 560, 564, 565, 566, 576, 579, 582, 584, 585, 590, 591, 593, 594, 599, 604]
[1348, 1350, 1352, 1354, 1355, 1356, 1360, 1363, 2060, 1365, 1374, 1375, 1376, 2366, 1367, 2635, 3611, 1381, 1383, 1384, 1388]
[1700, 1705, 961, 964, 3413, 1707, 1709, 1716, 1718, 2114, 1726, 1728]
[2406, 2408, 2416, 2417, 2420, 2421, 2422, 2424]
[3098, 3100, 3102, 3106, 2871, 2873, 3107, 3112, 2411, 2413, 3114, 3123]
[3812, 3817, 3820, 3821, 3822, 3830, 71, 77, 3832, 3835]
[3743, 3466, 3375, 2433, 2323, 1390, 1346, 3271, 1104, 1002, 493, 990, 2120, 1660, 3669, 2335, 1740, 1273, 1589, 1940, 1149, 1189, 3496, 2307, 647, 3978, 2469, 2429, 2822, 2868, 3265, 3579, 3316, 3863, 3367, 3515, 1912, 1803, 2250]
[1318, 2128, 113, 116, 3295, 770, 118, 119, 125, 128, 129, 134, 135, 138, 141, 147, 148, 150, 156, 157]
[2047, 2048, 2050, 2058, 2065, 2069, 2070, 2071]
[3432, 1532, 1533, 1963, 1965, 3435, 3438, 3439, 3447, 3448, 3453, 916, 1286, 3855, 3540, 2962, 2779, 2206, 2161, 1612, 795, 321, 3756, 198, 434, 3456, 3457]
[2329, 2735, 465, 1619, 469, 2766, 1113, 1115, 519, 112, 2163, 3405, 525, 3705, 3858, 538, 1143, 2526, 1529, 543, 1322, 3654, 3554, 2957, 1710, 546, 1544, 554, 901]
[3143, 3145, 2764, 2765, 669, 742, 96, 610, 2768, 2770, 2773, 2774, 2784, 2787]
[986, 989, 991, 992, 993, 995, 997, 998, 999, 1001, 1006, 1008, 1009, 1012, 1015, 1019]
[2359, 3856, 27, 1198, 38, 3632, 3491, 3158, 2864, 2778, 1744, 1324, 1450, 1118, 242, 3568, 583, 2088, 47, 1406, 3939, 3713, 124, 1253, 3217, 2879, 143, 228, 3734, 162, 3740, 201, 568, 3676, 3389, 3263, 3104, 2923, 2844, 2665, 2336, 2186, 1922, 1686, 1453, 1405, 1282, 2443, 2894, 202, 2010]
